-42.1375 -5.21861 90.7492 22.1278 -98.0884 27.5636 60.7619 25.1867 -87.2589 39.9268 
49.6198 -40.4281 -75.348 25.3934 -13.6313 98.2802 -4.35635 -17.0157 17.3429 82.4002 
99.4687 -29.6979 66.9431 -86.9757 -1.19146 -24.9201 -32.788 -68.621 86.5794 -60.0866 
-74.7004 -89.6657 -10.6533 -50.5528 -41.4668 68.1858 -1.85074 94.583 55.8292 -78.8526 
-75.4265 -93.6958 55.0963 3.73512 -23.9213 -44.8315 -83.5494 -14.804 -11.1441 -98.9825 
0.551094 62.1754 -18.0886 -14.4084 38.5008 82.8697 -8.74612 3.89365 40.6632 26.2104 
-82.1021 -90.129 1.14661 71.0968 -76.5054 -27.0443 66.554 -27.7934 76.208 27.5033 
47.3081 -92.3831 -82.7616 25.3137 47.9594 52.8241 13.8002 -60.2963 0.324799 58.8605 
67.9249 14.2492 86.5511 63.7493 34.7312 -73.0733 56.6703 57.9558 62.6778 26.6907 
-10.0897 21.9555 5.34725 71.2509 -86.9195 -56.3186 53.3197 -55.6026 86.616 -44.5082 
