-92.7406 -90.6317 -47.4503 -97.3549 -44.2363 -79.0562 -97.3014 54.7287 24.826 50.185 
60.0219 -12.3228 90.5798 -25.9991 32.9697 -78.7788 -35.0769 62.1976 -44.3841 36.0528 
-60.7276 -48.521 -92.82 -26.3347 -7.13934 9.12202 -86.3013 -65.1636 -4.75449 91.2132 
20.1922 -29.5099 27.5503 38.6182 56.608 11.2759 -85.4177 -15.6469 22.0271 10.2653 
-70.7302 37.1854 -24.8782 72.6762 68.6795 96.9589 -12.3851 44.4196 -39.9855 -37.1745 
7.70685 -71.0225 -74.9899 45.313 -25.2887 -26.4515 30.4471 -75.7206 -36.0887 57.8874 
-86.3787 32.7884 74.3531 51.6966 65.4245 -9.94298 88.3903 -23.6386 -93.9703 41.9854 
48.5019 -29.0723 -17.6614 -35.2783 77.8721 -3.95972 48.9973 97.3253 -53.9262 62.0728 
58.4541 38.8042 -18.4683 3.47864 65.4758 51.1376 70.4552 -59.2747 -30.5056 91.7472 
-4.94076 -39.2625 -84.9174 -6.81892 -5.63783 45.1119 -3.49869 -2.39939 73.3903 71.5454 
