-48.8967 -6.4116 40.283 36.8455 61.9584 -65.7527 95.1357 -54.1938 -35.2563 46.9511 
-92.3313 -12.9765 -96.2934 -3.43744 26.9654 7.28344 12.6681 -86.8433 24.9426 9.84686 
96.1782 66.6333 -93.8576 -65.3356 -94.6554 -73.8267 -5.11789 -16.2928 -33.8451 -35.06 
-52.6095 -7.38419 93.9936 -49.9203 -10.3897 -20.0702 79.4802 23.1433 -29.8493 -77.1732 
-49.4599 -72.1563 68.4255 27.8998 -87.5289 -97.4045 -77.826 -21.4864 77.5894 45.7175 
-26.7377 19.6656 -80.869 35.1377 -41.3245 59.7771 73.2954 75.6657 -86.4775 -27.1235 
-64.5174 56.5806 -50.0854 14.5863 -47.1482 -19.7897 -5.27323 -27.1806 -24.1226 -28.3917 
21.2707 96.341 2.89167 0.248085 -30.3476 -52.0723 20.8243 -6.81018 -58.7541 -79.9877 
46.0672 51.5465 -57.6513 53.7625 -13.2263 -95.2783 58.1587 72.9541 -60.7358 13.0931 
56.01 -39.6417 -58.772 18.8301 77.3661 91.9325 -90.6782 -27.8348 -19.5938 86.756 
